41
11001011010010000010111010111110110001100
10011011110100010101000000011010011101110
10100000010000000100001000011111001001000
10010101100110100011001010100111011001011
01100101011111010110010100010100010100010
10100011111011011100001110010111101100101
00011000010000100101010101110101010111110
01001000010111101010100001111011111011010
10100110001001100010000110101000110100110
11000011111110001010011110011110001100001
11110110011100000011100111011000111100001
11110100111111001111110110110011100100110
10100011100101001101010100101000000001111
10010000110011010110110100111111110010001
01001000110011001010101001101010100000111
11100110011111100000101100101000010000001
11001101110100101110110000000111001111000
11110101101001000001011001101100011010100
00101101011101010011011011111111101001000
11111011110100001110001100110101010010111
10110101001100101000011101100010001000100
01010001011001010010110110111011100001110
01011111010011111001100100011110011101010
01010100011001001000100111101011110101100
10001111110111001111001100110001001110001
11000011111100101101110101100111111111000
11011000101000111111100001011010011111101
01100101010111101011111000111011100110001
11000010101001000100011110011000100101111
01111001001100101011111110000100110010110
11010100001011111010001100101000110100000
10100110000011010011110010000001100111111
10100011100100000000101100011110101000100
11011110111110110111011001000001110101110
01100101011101010010100001010100010100001
00010110101101011111111110111001000000010
00010110001110000110100000000100100011011
10000001101101001000111111101011111101111
01111101100010111101010000011101010100100
10110001100000100011100001100100101100110
10011111000101100001000000101000001110100
11100100111001000011011001000001110100000
10000010100010000000001001001000000001011
01111111000010000011111100010111100011011
01101100111010010010101101001011101100111
01000110111100010010100001000110000011000
10010000101101111110111101010101101101111
01000110101010000001000011100011111010000
10111011011011110111100010100101000100001
11000110101101111110110111111000111100110
01000111110000111111110000101000110101010
11011000101000101101001100111110001101111
11010000010001010101100111101000101001010
01110011010011100110110100010100011010011
01000101011010010011010100000101001011100
00110010110011011100110100110100111101010
00100011000100111110111010000001011010000
01101010111001110110100010000001111011000
11110010111010110100011100110100011110101
00000101101001100001000111010100101101110
00011011010111000001000110111011011110111
10001001011100001110000110001010000101010
00000000100000100110111100111011001101101
10011001000111100011001010011001000010111
10000000110110111011000100011100100110000
00111001111110010101101100010111100000101
01111010111101001110001001000011000111000
11001100000000011001111011101110011001001
10110100100010101110000010001110111000010
01100011110100000011011111111010100100001
01100010100111000100001000101101010011111
10110111101111000011000000111011000011111
00100101001001101001110110100000010101001
10111100111011100000000111101111100110111
01111111111100011010101100101010101011100
00000011110110111111010101010101101101010
10111100011110100111100110000111000110011
10110111010011011001111000100101110100011
01001010001111101000001101101010000101100
11101111011010001110010011011010000100001
10010001000100101011111110110111110001101
11000010101001100110001111101110110111000
10000011111000100111010000110011010001110
01010011100110111011000100110110001100001
01000100010010101000001000000011111101001
01000000000110111101111000100111011001100
11100110101011000000110111100101101110101
00000001100011100000011010110100110011101
11010010011001111010110000111000111111000
10101011100000000110011110000001010111101
11101101001010110101111111010101001111001
10011000011100111010010001000011001101100
01010000101001111111011000011010011011111
01110011000100101001101010001111000101000
01010000011010110101011010111111110110000
10110011000100001111010111101101110110110
10010110000100111110101001100011010001011
10111100001011000100010101011110101111111
11100111011100110101011000001110101100001
11111000110000000000001010010011000110100
10010101101111110010100001110111111101011
11010110010000011100011000011000101110110
11010101100110100110111010110111011011000
01101100011001111010000111011111001101100
10101010110101110001111101110001010011001
01110010001101110010011111001011000000100
01010101101011101110100110011010001011100
10101011110011101010110110100101001100010
01100110110011100000010001000000100010001
01100100101001000000101111010100010001111
01011010011010100001111010101001000100101
00000110101000001011001001000001101110111
11111100010011001100111110111000111101101
10001000001010111001111000101110011111111
01000101110000101111001110001111111101011
00111000110101001010101001011000001101111
11101010111010000110010001000111001000000
10110101001011001011101001001001010000011
11011000111011000000111011101011110010010
01111111100011000000111011110010101001011
00010010011101000001100011001111111100100
00010000010010000011011100100000010010101
10010111001110100000000100101110101010111
01000000001100111000110100011001101110010
10110010011111011101110110010011000001011
00010001000000100000111001010100011011011
01000010110000000000000110000001101000010
00000010011010111001010000011011010001100
01100010000110011101001101110010101100011
00010101011001010100001011001111010000001
10100111111111100111001110110011000111000
00111110010101000100001100010110110001010
00110111000011011110001101011101110100000
00110011110111101100111000001101111010101
10011100111001010001010100000101100011100
01001100110110100001010001010010110110101
11111101111001011110011000101101110000110
01010111010100111000011101100000100111110
11010100000101110000000101010011100110011
01100000011110100110001011011101011100101
01001010110011101010101000001110010111111
01010000101110110111010111111001100100110
10010111010111100010001000000111110101110
10101011111011011110000101100001100001010
11110101011110101110001001011101110100011
10011101001011111000011010000111100111011
11100011011011110101111100010101011110001
10011011000111111010100011011011010111011
01110001000010000100010010100111000011111
11001101111011111100010110000101001010101
00001010011110010111111101100111001100001
11011110101011010111001011011000101100110
11101000011011000110010001000101011001001
10010010110010001010001101111101000001010
01011001101011000100010010101001000110101
00010100100000101110110011100111010000010
01010101001101100101011100000111110100111
00111110000100100001110010101011000001001
11111111000110111101010010000011010101000
00101000010110011001111000110110101001000
01011101111111110000001010100111110000001
11000010010001000011100001101110000001000
10100101010001010001001001001000010110010
00010111101111101101001110010011010000110
00010001011111011101111010111000101100011
00010001000111010010011000001101100100100
11000100010100010000011111110001100110101
11011100100011101001000000001001100110100
10011001110110110110100101010011010100111
10111000100101010110011010001110100010000
00100001001111001010001001100000010000101
01001010000010010010010000001011101001001
00010110011011011001010010001111110011010
11101010000000110101011101011001111101101
10011110110000010000010111100011010001010
10010110000100011011000100010101100000000
11010100000000000101101001001000101110010
01001001000010100110000011011110110011101
00001011111111111001000110100110110111001
10001101011011110111010101011100111001100
11100000010110110101110000110111001101100
10111000110000001101011000011111110010100
10010011101011100011000110011110110001111
11000001011010100111001001010101000110010
11111110110100110011010011111010011100111
10101001001100011100100011010011001010110
10010101100100011111011101001100101111000
11011001111010100111010001000001000101000
00101011101111101100110001010010110011100
01101110010110110011010110010010000110111
11110001111010110010100101101000110010101
00001100101111100010000100001011011101111
10000100000001001011101010100001101111101
10001011001011010011000111000001101000100
01101001010011001000011001100101011101101
10000111111100111000011000011000010100011
10010100110000000000001110110101101101110
00000110111100000101000010001011010001110
01101101011001100110010010001001110010110
01000001100000100100011110001100000000010
00001001011000101100101101101101101000111
01110000001011010001000011010101000100100
00010100110100110010100101100111110100110
11010110011100111000111010001100001011110
00010000011101011000011001110101100100101
01010100111001111000011111110011110101010
10001111110011100100010101111010011100100
10100101111110101001100011000001111100011
10011001010110011011010101101110111101001
11010100101000000111000011010001000001011
11101100111111011111101001010101001111000
11000111001001011010010001001000000011110
01010100100001001011101101101001001011000
00011001000010011001011001001000101010110
01101010000001011011010100000100000101111
01111100010101101000000000111011100010010
10000000100111010100001101010011011011000
10100001000011101001110010101000010010100
10101101010110000110110110011011101011011
01011010110011111000111111101010101100101
10000100100111000001000011011000101111101
11011010000010100011000011100010111110101
10010010001001111101000111010001100110110
01100011001000100101100001100011101100010
11011010101101110000111100100001000110100
01100000011100110110110011110101011011100
01111010110000011100110000011000111010101
11111100100000000100100010111000101011001
00110011001001101001000000110111100101101
00111001010010010001111110001001111011011
00000000001111011011000011111101101100000
11101010110010100011000101101001111111110
11100001111010000000011100011111011111000
10100100100011100011000111001000110110000
01000000110011101010001000110111011011110
11010000001011000101110000011101000000101
00011010101000110001011011100110011100111
11110011101010001010110011011100101100010
00100110011001110001100110110110100101101
00111010111110111000001010001111101110101
01100011001111000011010001100100110110000
11111111101000001001010111110111010101011
01001010000100101000010101111111011011011
01000010010111101100010110000111011011110
11010001001000110110000001110111010000000
10101000101011000101011000000011101000110
01111110111101101101000011010000111110101
01010000100101011011011100011100001110100
11001001111101101000101110011010101101010
00110100111101101010011000011101010000001
01110101001001001010000100111101100110001
10100110100101011100111111111101111111001
01101010010111000011000000110100010001001
00000000101001000101111011010100100101011
11101000011100100001000010000111101001110
00001011001111011011100110001100100111010
END
