50
10010111001010000111101101000011010100010111111000
11010101111001110111010000110011100011100000111000
11111110010010010101101110000011101000100101100111
00111001100001010011110100011100011101110110011000
11000000110110111100001100010000100000001011000010
01100101101101101101100110110111001101011100010101
10111010101010101111000001110101110010100001011100
00010101001000101000000011000001110100100000011111
11001111010001100101111110001101001010111100010111
00000100010000010110111110011101001001001001101110
10111010001011111100110111101000101000000010101111
10111010000001000100110010001110101000000111011001
10010111100100100001010100111100111001101110100000
11110111001100000011001100000011100000100011111100
10000100110000110111110101010011101110101111100111
10111100100001010111001100100001010000010000000001
00011010010000100000111111011011010110111100110011
01010100100010101000111111101011111001011111101101
10011000011100010011000111000010001001000110010011
11111111111110100110110000100010001110010101110101
01101100100000001001101100000010100010000001111011
00011011011110010110000011100010011110010111111100
10001110111111001011111000110001001101010100010111
10001100000001110100011110011110110001111111001111
10011111100011110001100011100001000101010011000001
11110001101100101100000110010001011001110000010010
01001111111111101110011011101001010101010111101011
11001010011001100010101010011100000101000111001001
00110001110111010000111001011101111101010111010010
10100101110111100111010100000001000110001000110101
00000000010101100000100101010001011010101111000000
01000110000011101100110010011011000011111110011001
01101011101011010111000011101111000101011100100101
00100011000000001111001000101111111011101001001010
10000101110100000111101100010101100010110000000011
11010010110101001111011011001010111110011000100101
00011001011110110010110011010010111011110110101100
10110010011100010011110010001111100111111001000001
00100001100011010111000010111111101000110111000011
10110001011100110111110000010000001001000110100001
11101100010110100100001111011000110011010001011111
11010100010011000110011101010110011101100001101110
00111101111011100110110101001101100010001100010101
11011101110100100110101010111010111001111011000011
11101000010110000100010100000111010110010001010100
10110110011110011011110010111110101110110111110011
01101000101000000101100011110110000100110011011001
01001101100000001000110000111101101001111111111010
00100111000011100101011110001101110101001010000010
11000110101010111001011111101001101110110010001100
01100110110100011101001100001000110001010010010000
11000100101100000110001101001100011001111001001111
10101100011001111100000011110001010000001111000101
00101010110111011111100000101111100011001100001110
01001000111011111000011011100000110110101110001100
10101110110010111010111011011010001110110011001100
11111101011100111111011111100101100011010100111101
00011100100011001111011000111001010000000000100111
01011000010011111001000001000111000100100011100000
10110110011101110010010101011010100101000111110111
11111101011000000010011000100001111001111111111100
10110011011011101011100011101100001001000111001001
11111101110000011001010101001010001111011111110011
11001011001101011101010100010100100001111001000100
00010010110111111000110100001010011010111101000101
11010100110011101100001011010001111001010100010101
00111011110011101110011011000010100001110111101010
00010100111010010001011100000101100001010101101111
11000100100111001010111101010111011001110111011010
00110000111001001010011110000110101100101001101111
11010110011110100001010011100010101110111000000001
00000111001100111110000101101111101111111011100011
10111100101110111000011100100111101011001111100010
11100101100001011101100111110011101111101101100011
00101001101011000111101100100010001001111010110001
11100101011110000011001101101110111101100000000000
10010101110111001000100101111111010000101110111011
00101010110000100001010111001111010111000000010010
11110110100100001111101101011010110001011001001011
10111100000001101110010101101110101110100100011000
00101011000111100001000011101101001101001010001001
01001111100110110100111001011101000111000101110110
00011001110110010100001001100010111011101010011011
11001010001100000111101100010111010111011110110111
00001000001100001111010111110001001011011101101111
01011100010000110000110111100011110000001011100100
01000111101110011111110001010010110100000111010101
00000111001101110111110000001010000110010100011110
00101111101100111011110111110010010101000010001100
01100111011110001110110000011001111101100000000011
00100100010001011000110111111101111001010110011100
11100011100110100110011010101101011010000001011000
11101000000110001001001010100001110010010001111011
11100001011000100011011010100001010000101110100011
11101011011011011011010111011110001100001010111111
01001111010110101100000101000110010100001000011011
01100010001101011011000000010110000000000110011110
10010110001101011011110011010111100010010010111110
00111101000100100000000110001111000110011011001010
11010110001101100110001111000101010000000110111100
00010100101011101101000111001001100110101000110010
11110011001010011110100011111000110011111010111000
11111011101111011100010111000001010111010001110000
01100001001011011111011100000000111011111010011110
01100100111110000111000000101001001010111000011100
01101100111011001100010101010010101001111010110011
11010000101110101110100001011100000110101010110001
01000010101111010110100101001001001000001110011100
10111111001001011001010011100001010111010110111011
00000111111001110000100001101111100111011011100011
00101010011100101100010101111000110010011011000010
01100110010011011110100000000000110000011010011111
10110100100110010110000100100011001001011110110101
10010001001111001011110011010011111111001110011110
01111101010101010000011101110010111100001001101101
10100111011101010010101100110001010001101101000010
00011000100011111011000010110010000100100001111010
10010111011001000000000011001101100010101101001101
11111101111000010010001001010011100110010110011010
01111111010111010101000100101001011100111100000100
00000011001111001100001001100100101110010001110000
00010111110000011110110101000010010101000100101000
01100001001100101111100101000000101101001001010101
00111001001010000010100110011010001001100111111100
01000110100001011110111001010010111100110111000111
00011001111010101000111100101001001111000110100001
00001000010010100010000101000010010110100101011010
00001001100000010111111001111101100010000000001001
END
