36
010001000100111011101111100110110100
100110000101001110100111001001011000
100100000101111101001101000111101111
010000011101000000101000110011010010
011111011011110010001000101101100011
101000011010010111001110000100010100
000101001010111110111101111101001001
101000100011000111110000101001101001
011010100010101101110010100001010110
010011000110100111100010111101100111
111110100111100101110110001000111000
010011000010100111111011000000000111
011010100110001111111110000011110001
011000001010101001001100011111010010
000100110110000110111000011011111111
100011011100110100101100010111001001
110101110100000111010001100000111001
101111011010111011101101001101111001
100111100101001010110010001101010101
001110010011011010010110011000110101
100100001100100111100101100110000011
011110000000110100010001001110010111
111011001011001101010001000011110111
011111111001110110010100011100011000
111010111000011101101011000101110010
001101110100011110110100011110101011
110000001100011001110000110011100000
011001000010101001010011110010011110
000001111010011011010011010010010000
011111110100001000101100100110111100
000010010110100111111100101010110111
100111111100011010000011000011101111
000110101100101100000001111100000011
011101010100101101011101100101000000
101111001111011101110100001101101110
010001110000011001011100010101111111
000011010111010010011010101000000011
110011111110111010011111111000110011
100010001011010111001001000000110000
000101011000010111011001010110111111
110001000011110010100011001110101101
001010101011001000010101110010011100
010111000100101110101110110000001101
001001110011000011000010011001111011
101110110111001000010110001001111010
000011111110111110010110011010000001
000111101000001011000001001110010101
001101111111001001101110101110010110
101011111011111101111100101110101110
000111000110011101111101111000101110
010110111111000010111010100010001010
000111001001010011000001001010011010
110100001001101110110011101000001111
110110001100111011101001011000111100
001101110011110010001101011111010100
011011110111011111111000101111110111
010000101100011110100000111101100100
101111110111101111101101010000000111
001010100101010100101101111000111010
011101000001011100111011110010001111
011101000100110011000000010101010000
101011010011010000001000101001001100
001011010010001001001100000100100111
010010110010110000001011011100001100
110111101011010101000010000011000010
000101011001011011111110000101101110
101001100011101010000011101111101001
110001111000100111001011101000101101
011101011000011110001001011111111011
110010111010010110110011000101010010
001000010101111100000110011110111011
100111000100100111100011101000110001
110100000010010011001101101001110101
101010011011111000100000011011100001
100001111111111111111000110101011010
011101010001111011000100001111110100
001001100001111001000011110100100001
111101010110100100011001011011100010
010001111101100000101010100011010011
000101111100010101010011000001100000
111001001101000000100110101101110000
001111001001000011101010101111110001
101000010011100001010001100100100000
001001011000101100000010000011111000
101101110010010000100111001001001111
100101111011001000000101001100010000
011111011101000010111001000000101011
110110010011110010100101111001110001
010110001100110001110000110010101011
011100101000111111011010000001101011
011011000110111010000101011111100001
001010000101111001100000110110010101
000000111111000110101100100100000000
110001010001011101110100100010001000
001001100010011001001000000111111010
100100101001101101100001110001011111
100010101111010010101101011100110111
100011000001001110101011000011011011
111011111111101000101100001101000100
111000110010100011011010110110101100
101001011111000101111100100110100001
110100000010011101101110101001100110
110110111001011100000101011100101010
010110010010010100001110110011010000
101100111001000011000001100010001111
000100110111011111000101101000000011
100111100011011000100000000010100110
000011110111101101000001001110101100
001010100010010000100010000110110001
011001000000111110111110000010011101
001111100011111000000011011001111100
010100011111110001100000101111111001
010101000000111101011100100000101110
010000111011111101111111001110110100
111110001110111001001101010010001110
001110101110010100000101101101101010
111000001111100110001011111010001111
111001001010000100011110011110101010
110011011111110011011100110101110101
001010101000111000001111001111011111
111110101111111000010101001100011000
001110001000001111011111011111011100
110011011101010001101000000110001000
110100011010000110110101001110001011
010001000011100100101010010110101101
101100011011001100110001011111101010
111010110011000000000101111010001000
011110001001000000111010001101101110
END
