36
110111111001110110111001000110111000 
111111010011110110111111010101001001 
100110010111101101011111010110110101 
101100010011101100010101000010110001 
111101010011001111011010101111111111 
101110110111001101101001001101011010 
111111010011010000010011011111110011 
101110110110101110011101100111110000 
100101101001010110110101011100110001 
111000011001110100011011110101010000 
001100010011000100111001111110110011 
011101110010000000001101010001100010 
111101111111011101110101000100100110 
100100011101100101010001111001011001 
111100110011011111011100011100010010 
100110010001010111100101010101010011 
101111111001100011011101001100011000 
100111111000110111011111010111011101 
111111000111111100111011000111010100 
111011111011011100010101010100010000 
010101010101101111110001100101011101 
001000101000000000000010000010111001 
001010001100000000111010101011010001 
END
