178
1111101000010001101110010001011110100000001001011101010011110011001000000101100001100001111100100010010110001001101101110000011000001010010101011111000100100000000000001101001100
0000100100100001001000100111011011011101111011111001010011110001100010110011101001000011101111001111100111101011111110101010110001100111001100011010000101111011111101011000011010
0101100011011000101011001010001111000011010110111110010111101011011010110001000111010000010101000001011011001010011001001011101101100010110111111101001110000100011110101110010100
0001010000001010100001101011111010111101001100100101001100111010010000100110100011111011000100111111100111010011101000100010001100011010011010110010010011110000101010011011000111
1100011101101011001111100100011010011100110001101110000001000101100100110110110000100100001111010100111100111001011001111001100110111001101001000100111011110101100001011101001011
0010101011001101000001100101111100110110010110110110100110100010011000000001010101111010000001000100011011100110000101111111001111110010100111011000111000110000111001011011110011
0001010100100010011010001110001001000010000100111010000011011101001100100011000101011011010100100010111110011001000111010100111000011100011110010111010101100000101000101010010101
0101010110011110110011100100001111010011010100011001011001010101001100001101100000101100001011001111111001111100010101111011111000111110001001001011110110011110111001001001101011
0000110100000111010010001001010000111110110111110111101100001011001110111100011011001111111110010110101101101110010100001111010011000110110001000011011000101110111110101101101100
0111101001111010101000000101000111001000101000100000000010001010111111101010100100001010110011001110101010000010110001010111010111000101111110100100111100101100000011100011100110
1010010101000000111011101001111001000010110110001110100000110010110011000101100111101001010001010011101111101111011110011001101110000101110001100111111011001110111001110100110101
1100011010101010011011111001010100101000010101100001100001100110101001011001101000100000101110111011000101001101111110000111110010010000100000010111110101110100101100000000100101
0100100010110110000000101011110100010011011100100110101000111101101100111001010101111001010110101001010010111101001101010001110010101000011010110010111000111111101001010011001010
0010010001110101100011000011001001010011000010011010111010110110001000101010011110011110101111111101110011100011110001110001101011000010100101011101011011011110011010000010000110
0111001010111100100000000000110001100001110001001001001011100101101100011110010110010001110000110001010000001011010010011010001100011011011010111111010111101111110011100001010100
0010011110000110100000000010000000101000100101111100000010010110101011001011101001001100101111101000100101010100000010000010110011111100101101100101110111100000111011001011100110
1011100101111000011110100000010110010001110010010101010000000011010110011010000010010010010001000011110010100101101100110110010000011011001011010100101111100000001111011101100110
1001000100101110101111110010100011111101001110100100011011001000101010110101100010011110010010010010011000110111110011010011100100101101110110001010110101011101101011101110110111
1011111100000101111010000110000001110010110111000110110100010011100111101110010111100101100001111100110001011000010000100100011001010111010100101001001111100101000110001011011110
0100011010111101011011010000110000011111100010000101010110111110111000100001001000001010101010001110100100111011011101011111001110111101010100001101000010110011100001100010011101
1111101001011111110111101110001110101001000101011100011100010101011101000010111000101000001111011001101100101100110010000110111010110001001111101000010101111010001100000101011111
0000110001001101011011110111100101110110000011110011101110000011110100010011100101111000001000101010011000110110001101101001101001000100110101101011101011001101011101100110010111
0101111110110101011011100010110000111010101110001100110110111111100011001011011111100110101000110001101100000111001000010100110010110101101111011111101011010010001111011100011000
1000001010100101000011011000010011011010000000100111011111100101000100100100011000001110000100001101110110010110111000011101101011001000001010100000001111010011110010000101011011
0010111001011111001001010001000001010010110011111010111111011001001000100101000101101010000100100011001011111100100001001000010111011100011010000000101111110101100010100001001001
1110001101100010001101000001100001000100010011010110011011100100100110111110100111100001000010001010100001111101011001101101001101111101110000100000010110010000110010001001101101
1001011001001101011010011110001100001110010010111110110111111110110011011110111100111100100011000101011100111001001011001010110001110000101000010111010001010111010010000111110101
1001000100011001000000111101000111011001101001001000001010110011111001010110011011001100110011100010011001000100100000111111011010111011100010001011000110011010000011101101001100
0000010001000100111001000011110100100000110101110110011010101111011010001101010001101000001110111010001111010011001100100001111010100011100100000011011011100010100101111100110010
1110100010100000100011011100110001111100110010000011011101101101011001000101101010111000000110000100000010111110101111111101101101001011100011011100011001110010110011100101000010
0010011111101010001011111001010011011000110111101000010110011001000101100110000100001011000100001111001010010011011011111101010101000001011110001100011101100110000001000111111011
0101110011111110011011110000011010101100011000001101010010010011001101100100101111011000000001100010110101011101000100011011110111110000100010101011010110111100001100110110010111
0111101010100100000010100110000101011111101111101100010010110100001110000100010110111010000010111010111111110111100100100110001100110011100001110000001010010000000001101001111111
0111011001011111110110111010000001100001110001010000011000001001011011100100000110110010100000101010100000001010101111101101110011001001010111100111001111000001101100011000001010
1110001011110001101010001000010101100001110100111010100000011001001000101111001110100001000000100101111010011100110010100100111001111000001111100100110100001100011111111010101001
0110110111011001010110000101101100111101100001100001001010010100101011101010100100100010011101111111011010001011100111110000001110011010010100110101001001001100100101111001010000
0001010010110100000111100110000001110111111001001011111100100001110111000100010010111001000100010001101000001100111010100110011011101001010100010111101100101000111111000010111110
0010010110010101011111110001110001000011010110011101100100000000100101011000001000110100100110100101100010010110101111010001101111000001000100110110011011101101001010110000000011
0101011100001101111111110110101001100010100011100011001010011111001010100101000101000101000111010101111001111100100101001111010000111010011101111001111000101011001010011100001100
1110111110100111101111011010010101100010100111011100010111011001001000010100001001000000001100000010010100111011111001001110110111001011000101011011111110101101101000100000101001
1000110000101000000000000111010111000000000100110111111100100101000100110001000111010100011011111101000001101110011010111010100000100000101010000001010111001001001100110011111110
0110111110100101001011001110010000011100010010110111001111000000010100000001100110110011111110001011010000110001011000111110110010111101010011010110110001010111100000000001101010
0010011101010101101101001110100010011000101011111001000101111110100100111010001110110100010101001011001100001100111001000010010111101010010110101001111111010010000101101000010001
1101110110100100100001001101100010100111011001111101000110000111100101000101010100101110101110000000000001100001011101011100100110011011111011110010111001010101100011100101011100
1111010000101111101101011000100101000000100011001110011101110100000010000101000011001111010001011010100111111111011100011110001100010011101110010110111101101001001100000111010001
0110011100101000100100111100101100100000010010000101110101111001100100111111111101000110001100110100111000110110010101101100111100111110111100000010011101110100111000001011010001
1000101111011110110010011001101001000111011100111111110100011111111100001111101110010000001100111001101000010101100100111001010100010110110100101111010111000010001011110101111010
0110011010000000001111010011000011110011010110110011111010100101110101100111100001101000010011100110001010111011101011111100010111110001110011110111000100100111110110000101000010
1100100010001110010010100000010001011000101010011111111111010010110100110011100011100001101100000010001010100101000100000110010011010111101011101110110111011010010001110011111100
1001110101010000001111111000101001100010111111111100011101010100010010011101000111110110010000101101100110010001111000011011001001111100101011100001010111000100011100110011110010
1011110010110000100110110100110010111110001001001010101111101100111010011111001100011100111011001010011110110011110001010111100001000101111010101101011100010010111001100001010100
1110000011111000011011011101001111111000111010101000001111001111010110001101111001001111011000111100000101010100000001100001010010011101010000111111101100001000111000101101010111
0011111001001111111010001010101101000000101000110001001001011100000100110000110100000000101001001010011111101111101100110010101100111001011111001101110001011100011101000011110000
1011010010010011110010000110110011111100101100011010110101111110000100110110111101110001110000100100110101100010101001100100111001010001111000010011101001011111001101001101100100
0001001000011010100101000100110111111011011100010010110111100011100001001101100001011100010011100110011101011111000110111111101110111011111000110101100111001110010111110011010100
0001100100000010001110111101001100010000010111110101110010111001001011110100101110001100110010001100011110100011011001000001101010001110100101011111011000010110110101101011100011
0011011000010100001000001100011010101101100100101001001101101100110101011101110010011111101011010101000111110110111010101000101011110111000110101010100010001000110111111100110101
1100110111100110001100100000100110101110110100100000011011011000010101010000011111110011100000011000001010111001100100000100111110110001011011101110110100001111100000111010000111
1111010011000101111101111110101010000001100000111001100111100011111110000000110000010000010001110101100110000000001110111111100110101100100100101110101000010000110000000010011100
1110110101001101100100101110110001110110011101111100110001010100011100111001110100101100011001000111010110110100010101100100000110011010001011110110000010000110111010010000111000
0111101000110001010010010000000011110110100100000001110110110010111100010000000010101110111011000100101101101110100100111110010000010100011100000010000111111011011101101001001100
1111001000011010110101100000100011000100101000100110000000010100000010000000010001000010010100110111101101101011110101000011000011101011110011000000101100001000011110101110011011
1010110011010001011111001010001100101000101111010000100000100001111011111000011011001101110100011111000010011010100111000010001011101100101101101010110101001101011001001010100001
0100101111010111110111101011010011001010110101010010100111011100000101010001100101100011110000001001101001110100100101011001100010100000011011001111011111101100101101101000110101
0001010100000101011110100010111011110000001011010100110101110011111111010111011101111101010010101000001010110000010100000001000100100001100101100111011000100100111101011100010010
1111111001001110110101001000110001111011111110100110101001010000011100010101101110000111010000000110111100010111010001100000000011000000000001100100000100100011111011010010110100
1101001111100110111101001111110000001100110101110111011000111100000110100100010101010110100000000111100110011000101110100110110101101110110010001110111000001110000011001010111010
0011001101011001010101110001011101001011110000100110111111001111011111000100111110101011011100011101011100111010100011110001000010101011001010000101000100010010000001111010010101
0111011000010010001010001111000011111111111110100001001111111100111000111000110110101010100000011110101010101111001110101111110111101010000010110001000111010001110111101000010010
0100101111011101010011011001010010000111110010110111011111101100110001111010001011010110000110101100101001001111010101101100111111101001100111000010000110000111001011101110010001
0011101111000111100001000010110111010001111000110011111100010001110111000000001100010110111111100101000000010100000011000101011101010010101111011010111101010100101111101110010011
0011110100101010101000111011000011001001110011001001000101000101001111100101001100010000010000101000010000000111110110111111000110111111111110001000110011010001010101011100110010
0000110100101111010001101010010010101111101010111111100001000110100110000000011001111100100111111000000000011010101001010101000000001101110111100000011001101001011100111100110100
1010011101100010110011011111011111110000101000010001100011110001110011011111010010100101110110111111010111010111101011100001010001111100011000110011110110011111000111110010001001
0100010101000001000110010011100110101110010010110110111110100110000111110101011010001100011000001000110110111010001111110000101011000001010010010101011001111010111101100101110100
1110111000011110111011100110010101101001111000011110010001001001111000011111111000001101000100111001000111100000000010100110100110010111001101101001001110111100101110000110001001
1110010101101001001000010011001110111001111100000100101010110011100001000110110101101000110101111110010111100000110000110100011110110101001001111111000010010111100101001011100011
1101110110001001100011000100010110101100100001101000100010010011001011000100010110010010111100000101111101101010011100110000100111100010010111111101110100110001110101100111001111
0110010000000100001100011010010001100100000010010100101111110110000001001101100011011000111111111101001011111111010010001010100000000100111010111111101101111111110010000101100010
1101000111101001011011110011111001101110100010111000010001110010110000010111101111110110111111010010000111000111010101110110011010000011010011110101000111110010010101000001011001
1010101010000100001001101110111111111011001011011111101010011101010011101000011101111011110010111110100011110000110101011010011101111000111110111101100000001111001001010001000110
1001001000010001000100101100000101111010111101000010000111101011100010001011110111110001101001111010000101110111000001011111010011011101011100010111010110011010101111011101110000
1011101100110011101000101110110011100110101011101001000011001000111100101100010101101100000100001110110000001111000110101111111001000000010001100111001111000001111111100100010011
0111000001010101010111011110101111111110001011100010101010000001110000010111011111101000110110101100111100111000110011000101111101100011000010001110011001100010100000100101110001
0001010110101001001100011101100001100011001101111001010000100000110111001110001111010111111011000110010001000111010100001100000011000000000011110101101011011001101111111110001110
0101100011010001110101011111001011111111010110011101000011110011100111001010111001010011001000111000100011101001000011111011101001000101011101100101110001011110010000110000010010
1011010001111011010000010000010111001001001100101100111111101110000101101001011100111000010100100000111011110000001101000010010010101000111110100010111100101110000100011101111110
0001101001111110110100001010100100010011110000011100110010000001100100011101101011000101100110000111100010101000011001010001011000110011001110011111010010111001110111100011010101
0110101100100010010110101001100011010100010001000011000100000100001001000000000011010010010000011111001101101010110111010011100011101010100001100111010000110111101000011111001111
0101001111100000000111011010111000100000110111111001100011100001011111100101011011110111001110011101111111111010101111001010010100010011100000110010110111110110010011111111100011
0010101101011001000111100011000001000110011001101000111010100100110101111011101101100000010000111100111010110001011001000010100010000101110000100000110111101111011010101001011010
0011100110001010000010011011101110000111101001011110110011101000001110000001110001110111010110000110110011100110001010111101101010011011101110110011100001111011010001111010101110
1001000000011111110001011100110010111011000111000001100000011010000101001110010110001001100001111100010000001111111000110111000010001001000011111011010101010011011011100101110010
1011110100110101101101000111101000111000011010000110000011111010011010011100101110110110011010001100100110110001100111100000100010110101110101011000100000010000011001110000101000
0101101100100111110100101000000010111101101110011001011111011010111000110001000100001100001101110110101101001111111101101110011001011100000110011100110000001001100010010100101001
0101111010001101101011101000001110011110110001111010100101111101100011000100011111101010111001111110010000001010110010001101000111100101111011000101111001111101001011110111001010
1010011101010011000011110110100001000111010011111011100111101101001100001010101001111111001100000110111010000011100001100100100100011101101100011101011001010110111001110100110000
1011100110000110011101010000000001111111011011010001110110110110100001100101010011100101110110000000100111110111011001101010010010100101010000111111011111110110000000001010001110
1010101110010010111100110011110011100011000000111001000100011000010010100000010110100110110000001100110111110110000011110110100010000111001000000001110000010111101110110010000001
1000010000101100010100111111100101100100100010011011001100110100010001111110011110101011000101100011100010011111001100001011111010100100101110010100101010101100110010000110011000
1000010000100001011010010001011110111011000010111100101100001000011111111100110000010000010110110001111101110111100101100011000000000110000001111011101100010011011000100110000001
1111001010001100100010101001010101011010001111101110100001100100101001101010100011110110011001111000110010000100011010111000111011010111101110111000110010001000111001111100101001
1101011010000010011100000101011101001110110111110010011011010101001110000011011010101000101011101010110100001100110111111111001000010100110000000111000111001100001010001001011000
0010100001101111101110111001001000101101010011101000010110001001011101111110000100000011001100101000011100100110010011101111100010011101111100100101101011001000011101000111111100
1100011011011001110111000111101011010011111011100011110111001001100000111001011011000011101101010010010010111001101001111101000010111110100010100100001110010001011100011010010001
0011101110111000101110110100101100110000011010010100101111011101010000001001010000000110011111011011001000101101111001010101010110000000010100011010111101110100110110111101000100
1110100010110100010001100111111010100101111001011111000101010111101011111011010101010000101010101100001100100110101101101000011101011100010010000010100100100000001110111010000001
0111011001000001011111101100101001100000010010110111001100110110001011110110001010111011000110110001010001000001011100000110111111110101101100011101110001010100111111000010011110
1011010001001100010110100110000111010100000110111100110000010001111101101110001100011010011111000110000101100110111001000110100110000010010000011111000111101101101000001101100000
0000111001000101101011110001001001000000100100011110001101011110000000111101000110100011010101101101010110010000010111010010100100000111110010001010110111101111101110001001001100
0110001100000001110011000101011000010101011011100101111100101011110111010111001000011101111000010001110101011011010111000110011010111101010110111100001110111110101010111010001111
0011101000110000010011001000111110000110100010011010110010010101110101001000000101011010111100011001101101101101100001010000011110010001111111001100001100101110101101011000110100
1000110111010111011100110000100000101111110101000110101111101110000111000010100110010101100011011010111100110010011001011001100011001101010011010101100000111010110010110011101011
1011110001011001010000001100111000011011100001100101101101110100101101011111001000110000100010000010101010110010010110110111110111101000011101100111010001001010111111101111001001
1000001000001010101000111101100100100011111010000111000100010000011100011111111100001101100011010100101110001100000110011010111010000010010010011000101000000101101001010011110010
0000010010011111100110000110101111110001000010110101101110000101011111001100111100010110110100100011101011000010010001010100110110100001011010111111000010000001010010111000011101
0010001001000110111100101010111010010111001111100010111010000001011100010101010001110011010010001110111001110110101100110111111100101000111110001111000010111100110110101010010110
1101101011111101011110101101111000110111010100001110100010001101100110011001001110100011010000100011000100010101100101000000100100100110011000010000100111101011001000001001000000
0100011010011010010011000000010001110010111010110111101100011011100011000101110110100010011101111110110101100111101111010110000011001101011001001110010111111110101011110110010110
0110001000110011000010111101011011011111111010101000011100101010110111000100000100101101111010110101001100100110100010101011100110010100110101110011000011101110111100001010011011
1111100001111001011010000010001000111001111101000101100011010110111011001111011101001000000011000111110001101011101001101100001100011011001101011011100110101011010101001011110011
1101010111000000001000011101100110010001100110110010001111011100101110100101110100100001100110111100110100110100110110111100011100111110001010011001110010011000011100100100101011
1011001011011000001111011100010111111010101001101000100100101110001110100011101101110100100011000111011010110100010010000010010011110010111101000011010101100101010110101001101100
1001100000100010100011010110010110010010110111100001100011010011110100011000010010110111010011101001000100101101110101000001000100000010001111001011110110110100100101101000000111
0000001111000100010111010000110110010100000010111111010010101111110001011011000011100101011101000101000101000101011110011000110100000010000011110101110011000010000001001100000010
0010001101101001001110011011001001111000010110100011011110011001110010010011001100001100000100011100100111111001111001100110100010000001111011100111001011101100100110101011101010
1000011110010101111011000111100000110001111101010011110111001010101101010111010010001010101000010100110101010110110010100010010010001010101010000001010011110111101101101000000000
0100111011101100011110110110011001000101000110011100011000100000100111101110111111110110101101010011101011000111010000110011110111111010101010101001011010111000111101111010110011
END
