32
10001111110010010010011110010111
01110101011010110010100100011101
00101101011111001101000000100010
00110100000010000010110100100100
11110101101001101000010011010010
00101111101010011111011111011111
11000110010110001011100010011100
00110010111110110101110110011010
10111010101001100001100000111110
10100011000111111110111100111011
10110010111001000100011000111000
00100011100010001001010001110010
00101000000000011001101100000100
01111110100100010001111101101111
10001100101001101000111100010101
10100001011101111100010100001110
10010011100111001011010011000101
10100011010000011111011101100101
11111001101010101010001011110100
00110000000101110010010101000100
10110010010011110110010010011100
11011111111011110010110000011000
10111100000111011011111111111111
11000010010110000110011000101010
11111000101000111010100011001111
00010011010111001101101011110000
00101111010100101011001010110110
10001001100010000110110011100000
01001010100000001000110001011110
01010111101101101000111101000100
10111101110100100001110111110101
11010001101000000011001110010011
01000001111111000110101011010100
01001000110110111011101011110111
00100100101000100011001100100010
01010111101000000100110101001100
01110001001001010010011001001001
11011111101101000000100010000000
10101010100110110010010110000001
01100001000111111011011111111101
11111001001110110000010101111110
10100101110011110000101010100001
11110101010101101101101000101110
11110011110101000011000101110111
01101010101111100010011101010000
11001000010111110110011100000001
00110100000111010001110110110100
11000001000101101110011010101000
10000110110101010110100000010101
10101001000010010101001000001000
01000110110100000010100100010001
10111011100100101000111111101111
10010001001000111110011000001111
11011001010001010111001111100011
11011001000010101010001110010101
10000100100101111010001101001000
00001011010011001101000010100100
11011100100010000110110011110110
01101100100010011110011110011110
00011010010100011101110010101100
10110111000001000011101001000101
11000011011001011000000011010001
01101011011000100000010101001011
11001111010111111111010000001010
11101001100011111001010010000011
10000000000100010100001111011111
11111111000001100110001111010101
01111001011000101001010111010011
00010101011010000000100010001111
11010000100000010010110000011100
10010001001111010111101100001000
00001011000110110001000100110100
00010100110011011000001000001001
00001100001111111110000000110110
01010100110101010110101100011111
10111100001011110101110111000001
01110110110001110101011101001001
11010011111100010100010010000001
10010101011001100000100001101111
11000110001000000110110001000010
11000101011000001100110101111010
01000110010011100101011100011111
00101111010101110101010000111101
11100010011000110000101100011000
01000010100010110111101111000010
11011111001100001110001101101000
00010100111111100100111101111101
00101101110000101110100111111101
11101110000001011110011110001110
00111011001011101101000101100000
01010100111110101010011001001110
01100010101000000100111101000101
01101001011100101110000110101111
00101011100101000101100001010100
00010101011001010101101010111011
00001111000010111101101000110110
11000000001000100011000001110011
00000010000000000100100011100010
01001111110010010011011010011111
11001100000001101100010100011100
10101100110101010011110111010111
10111010110100010001101111000110
01111000101101001011100000001001
11101100110100101010110111101000
11010011110101111010111001111110
01101110010001110001010001010100
11000111011001101101100110111110
01110000110101001010011110011110
00100101001111101001000100001001
01110100111000111101100001011001
11010111010111000110100010100011
10001111010001010011011111111000
00011010110000100000111000111101
10100000100011011000010001010001
01111011011101110110010000100011
10010101010001100001111111101010
01110100000101101010111000010110
01100101000011001000111111011101
01011001101011111110101001011001
10001010000001111000110110000010
10000001001000010011110000001000
01001011000000110001010010000100
00110001101101001101001100011011
10011000101110001001010010101110
11100001000100110100101010101001
01101011010000101110101000000010
00010110110111110010000101111011
00111010101111001100001010110100
END
