207
101011100101001111100011111101011111011101001001111110001111010001110001101101010101100001101101010110011101101111100100010101100110011111001110100110101111001101100011111011001011001110001111001100011010110
011111001101010100010011110001010001111001100110111111000001110110001111001100111110011001110111010111111001101010111011111000101100010010100011000000111011010000011010101110110110111011000000001110101010001
001010001101101100111101010011001100100010000100111000111010110001011101101011010011010111101001101011111110011111010001101001011111010101100110011010110010111000101111010101101000011011000101001111100110000
100011110000110010110000011011011010100110101001010000001110011000011010000000111111100011000000000111111110101110000000110010010011101100111000011111110111111100110000010110001111000111000110100000010001101
010100111011111101100011011100111101000100111011100101000001010100100101110011000000101101000000111101000101001001110010111101110000110101001010101100010100011001010110011110110100101111110010000011110000001
011000101011000100101010011011110110100000110000010010011101010000110101110110101000001101001111101111010000000100100110001110100011100101111101101010010111101101111101000111011110011010000100011100110101010
101101110110000011000011011110011101010011110111111111010111010101010111000000111101000011110001110101100110101111011010010010101111100101111001100010011010110001010000111010100001010110101111011011001000001
001000010000111110001101000100010110011001010001001000100111110111110010110110101001011111000001110101011010000100010001101101111101100001011100111111001011100000111011110101100011101000111101110011010001111
110000100010100011001100100001110000010111101100000110111111010010010001110000111100001111000001110111010011100000000010110110001011100001110110100001010001000001101100011001011011110110100100010000001111011
100010011001011110110011110111011011000000111100110011110100001000110111100010011011000010010110001010101100111110010001001000001000001111010100001001000100100000110000101001001101101111111110101001000100000
110001110001111111010010000000011010101000111010011010010010011100110110110011110010111111010110000011100110001001010010111100001010101010010110000101110000101000000101100111001011100101111010000010110101101
000010001100100110111110101011000001100000010001011000010110110100010010011101000100111001010000011010100010010011100000100000001011001000001110001001000000101000110010001010010110110100111011010010100001000
001010100111001000011001001100100001111110110011000100110000000000110011100100000010001010010000110101011001011010101000011011101111010100001111101001010010100010111101000111011111100100110000011110110100011
100010110100100101100111100101011111100010011001111000100110001011101101100000000100010010110011101110010011011011110111101110001010011011100001110010100001100001001010100111100101100000110111101000011100010
011001001001010100100111000001100001101001111001010111011001011010100101000100100111000100001110100011101111101111011101100101111011101010111000110000011001100000110010101001000000100000110100111000010111011
101110110000010111011110101001111110101101110101100011111010111000011101000110001110001001000100011101011101101010100001101111110001010100010000010110010101001101000000000000011000001010010100001101101110111
001101010011000100011111000000100010101100110101100011010000010000110010101111001110010010001101111100110101011000001011011001111001000010111111100101010111000111011000111001001011110101000101000110100000100
001010010011001101110000011001110011110110010101100101000100011000010001011101011011111100001111010011100010010111110000000001100000110101100111000011011111011111101111001000101010111001010101111000100000011
110101110011001110010000000111001001110111010101101101100111111011110001110100100010111100010011110011100000010110101001101100001100011011000111101011100010110000100001111100011110100111100001011010001111010
111101110000001110110110010111100010101000000101011000001010000001111011000110011111001100000010001101111100100001101010010001001110001111001001111111110110110010010110010011100110001001110111101010001000110
000000110001111011110110010010110111100010101000101010000101110101001000010001011010000011100111001001010110010111101000100110000100001110110101101000110101111101010101011011101101110111000000101111111010110
100010101001001001011100000001011110100000101111010101011011100010000001011100011100001100110111111011101011100011011100011011000100110001111010101010011000101111101101100001111011000000010100100011101111000
001111111010011001100011100000000111110010111001111110000000001110001110100000111000010010000111010101011011000100101101111100001000101001101110000111000110111101111001111110110101011000101011101001100011000
011100000010111101000110111111110000001100100110011000010101001101110000110101110010100110000111100110101010101010000010110111001010000001000101101010001010100001110110110100011110110011101110101110101011010
100111101111000010100100000101000011111000001010101101101101101101010000000101010100000110000010100100100100100110110100000000110100110110100111000010011101111101111100010011011010100010101011000110111100001
101111110110011111100110100100110010101100100001110111100110100001011101010010101100110110100101000001100100110110100011001000100000100110110001011010110100111111001001110110001101100110000111010000111101101
011101010010000011011000110000101101001100111110111011100110000110100011000101110011101100101010000101010000101100001111011110111001100101111001101001100011000101101110011110100000110111000110000100101100111
111011000010000000110111001010101100011010110110101010110001010100001110101111101001110110110110111100110101011110001101110101010100101111010100110100011011011001111000001010011101100101000110101001101011010
100000110011110100100011000101100100111100011001010101001010100110100010101001011001101100110111101110100001000100000110101110001100110000101111111100110001100010001001011100111001110100110111110010010110000
100110110001010001000001000100111100101101000000101111111101011111101101000110101000011100101010111101001010111011010110101100111001110111100000101100010100100100001011001010000000000110100111001100000011010
010100111101001101011000001000000010001101001111011011011111111111111001011100111010110001111010100110011000011010001001010101110101010110110011000100000110011000101100011001101101000011000101101011011011111
001100101101100010001101000111110010001011111111111111010011001000010110101000110001000011111010011110100000000000101000101100111000010011111101110010010101110110111010101011111110001011110101110010000000101
010110000011011000010010111111010000110111010111100101011100001010001010011001111111111001000101111010011001110011100000000011110011001101010011001011111111000001001111010011010101110001111111111000001010010
000111101010110001100100011010011000110110101101111100101100111011110101111011100110100010011111000000111000110101110111110100000000010110001010001011110001001000101111111001001001110110010000010101011011101
001110100111111110100111011101001100110111100001110101100010110000000011001011001011100101111111011001101000000100010001010110011011101000100111100001100111100101011010000000110010101100110100111011011111111
110101011100101010111000011100011101011101111010010110111111110100001111111010101111110001111101110101010100010101010110000110101110001111110110011100110101010101111101010101101111110001100101110000111001111
001000000111011100101100000111000100100001100010001111111100100100111111001100110001100010100110000111000110101110000011000011110101001010101010010011011001110101101011101001010010011111010100011100010010111
111110110011101101001000001110011101010001110000110011001111110110010010101101000000110101000011010011001100100100101110010111010101001001011000000011000011110100011111110010010010110111000111110011100101010
010011001111001110101011010111110101100001101010100000001010101101110110000111101001001100110010001010011000110010111001011000100001100000011011000101100000010000110110111010110010100101000000111100011110010
011101111011101110100101100101100010110011101000011001111011100011000010000110011100011010111110110101100011010000010111000101111101101100000000101100001111000110000110011001010000000111001010101110010110001
001001001101010100010011001011111001001100001011110100000111001111111001000101011101111100111000111001001001101011100101110010000100000100101000101011100111111111110010000101011110000011111000101100000000100
011010111000101111111111011011010001010110010100011110011010100000101010011100101010001101011011011110110100111010110010110011110001111101111000110111010011110010101010011111100100001000111111111111110001000
010000100001111010001111111011001001001001011100100011100100010110000000100010000011101011000010000100111100101110000100100101111101011111101000001101110100001011111000100100111001010000000000101000000110101
011110110011011011010000011001010101000000101110010010011111110111111111111100101110111011000011100000111101101110110111011000011001010101001010001011110000100000111100010111011101010100110111100110101110010
110011101100011111101111100100111100111001100011001100010000000110001111000001000110011001101101101010110111111111110010101111001100001010100111000001100011110000000110100110010001011010101101000011001101100
110011110100000000001110000110001010001000100100000111101110011100000100111111110001101111110010010101100011010011101110010011100110000110011110000110111100010001110101100011011101100010001100011011101111010
001111110000111110001110111010011100000100111010110010001100000100100110110011100111111011110100110010001010101010111110001011011110110001011111110101100111010101111011100110011001111100110100100001111101100
000101110101101011011101111010010010100110010011110100010111110011011001110111100110010011101100111010101100010000101100011111000100100010001100110001110001101000010001101010001110001001010110111101110011000
011011111010010001001110110100101000111011000000000101011001011111100001111110010010010110010101010010111101100111010001000010011011000010101100101101101110011110010010100000010100011110111000011011001101100
011010101110011010001100010011010110010100011111111001011110011010011100101010100010011100100011010000011100111100001110000001101101101011110000000101101001110000011100011010110100100000011001001111010111100
000010110110110000111010011100100011000110101111101010011110100101011101111000011110111100101111100010101101100011010001011100110101011100100100111111010110000010011110100010001100000001001000000001011010011
001001001111010100100000101101001110110011011001011111101001100101110111111011101010101001101111000110001101111010000100000011101011011110001101101100000001001100000011001111011001000010110100110110010101010
011111110001010111100111101110111000001000001010111100000111000111011111111111100010010111010101000101011100001000110101100110011001100001101011000010101110010110011011101000010010110000001011110001110000101
101110010001100010010001011001010111111111001111110111010000101110101010101010101011110110110001111011101010000101010100111001111110001100100101000011010110101011011100110000101110011110101100000100110010001
100001110010100101111010010010110111100101011011101000101110101000111101101010000111101010001001010110101000000011101100111011111110000100101100101011100011101000000010100010000111100101111001001010000000000
101011001111111011010010110101111110000010101011110010001111010100100101110111010011010001100010001001111100001010010010111010011111100001001010010011100001010101010110000101000011100000101000101111111011111
010100100001101111111000101000101010010110000100011111000100010111100011010100101000100110111111101100111101111011001001010111000110101011100101000000101100100100110100010101011010000010001111110100100010101
000010110110000111011001001111001100111111011011110010101010110101100111011110001000100001001111001011010110110001011111011100101010110001010010111000010100011100111111010101110101100110010100101011100110000
010110101001011001101011100100110101101100001100110000110101100110010000000110100000011001101111000000100111010010010110010000100110100111010011110100111011000011001010110001111001010111011010110011111111000
100101111100000101101110001111100110010100000010111000001110100110111111111011000110010111101110101000111110001010011000110011000110001111011110110010100101101100101010110001111100111101010000010101011001111
001110010110110100110111011110010100101000010010001011010111011011000100001010011100000111010101100100101000101011001011110010101111001101111010000101001100110011111001111010110111111001000001100000101001110
111001101001100010110100111000011001111001011010001000111011010010100110011010011011000101010010100111100001000100000011110001011001011011011010010100011011110000101000100111110100100101011101111101110101010
111101110101011101011110101010101010111101100011110001100001011010011101111100011100010010110011110011000110000110111100011001110011111111011000001111111011110011101110011111111001010100011010110001001110100
000100010011111110110000111001011000001001010101111101110011110000001011111101111001110110001001110011100010001101010011011001110111001011011100001000110010001000000111010010010101010001001101100101100101001
001100100000011101111000100001101001111101000110011010000010100010100010110101110110110111110111011010010000101010001011000011110010011011111010110011111111100100111011000111000001001110001101110000100111011
000000111100010001001001111000000000010110111111101001011101101000001010010101011000101011101101111011100110000000010101111000011100010000100100101101011111111011110100110101111101000110111010100100111111000
010100011000100010000010111011011011010111001001001101110011111010111010110011111100011011110010011110101000100010010011100110111110100100110101000001110011000111110100110010110011100101000111000010110111100
101001110000010010000111100010001111000000111111111100010011111000110111000111010101110110001000011110011000111100001110101001001110011111100101101010000110111010010101010100010110100011001100001011100111110
000010011000110111010110101000100100101001011100000011111011101111100110010100001010101001011111101110100110011110100110010101011001001010110001000011010000110110010100111110110111010000011000100110111100111
100001001011011000001010101110001001000111010011001100001110101001000001100101001100000111101010010010101111000010010001101100101100010100010011011011101110100101100011010001100011001111111001111110010010110
111010011100000010111011000011011010011100010010001000100100111010010000001010011111000000011110011010010001001100101101110101100100111111110010000110001010110001010101110111101110101100101101000011100010100
111111000110000010011110011000011110110101110111110011010011010101011001010001111100101100001101001101101101111011001110100010110011001110001100000010000001100101001011001110000000000001111011110111011111111
011001001101000011001100101010110010100010100100100011001000010011001111101001011010111011101100011000110010111000010101111000001101110010001001011001010110100011110010010111100000100101111101010111110110000
000111101010000110101011000010010101011100100011001100001010011000101011011110010000011110101100100000011100001001110000000110100001000100100001110010010011001100000010000001100100001000001111110011010100010
010010010011110100101011001100101010010111010001011010100010001000011000001001110110100001001100111011111001010001001001100100111001110010110000100110001011100000111011010010101110000100010001110010101000010
110110000000000111001011111101110111111011011011111010100110001000111010110011110011111100100000110011101100001001110000010000111110000110010111000001000010001111111111010000110011101100010101001010111101110
010100000101110100001011101000100110110100100110110011101001111100110010000011000001101100011000001000100111111100110000010010010100011000011111101101010011011101100010010001101011010011000111001010011010110
011011000000011110111110100111100000100000011000011110100110000100100101100000000111111000010000010000111111010001110011010010011101110011010010101001100100101011111110011010010110000110100000011100100001000
011001010000000001111001001101001101100100010011010111111000000101011000001010111000111000000110011110110011110011100000010101100111110110101110000100111001111001110011000111101111100100000000110111011000110
001000010110110100111001101001001001010000111100101101000100000001100010001111111100000010000101011010010110001011001000010000100101101010010110010110111001011001001100100111111100010110101000000110000001110
010111101111001000011010010111110101110001111011001000010001100011100101110001001100101101001101011010101101100010011101111001101100100010001010011110101001001111101101101000110001011101001110100011101110101
101011101111000110101011000000111000110001110101111001001001111011010011010000101101001111100000101100001000000010111100010110100000001011011010011100101111101101010111010010011011001101011010111100001100111
010111001110111100000001111100001110001110101111111010101010100010110001010101001000011110100011000000100110110010011111001000000000100111101000010001101010110111001010011111110111001010001011111001100011100
000100001101011100110000001110110100011101100001010110110101111111110000011011100111100110101010111010011101011010100100110110101100110000111010011101100111101010101111100010111001111110001110101010000001011
111101010110011001110110011100010000110101100101000111110010110110101111111100000011111010001011111001010110110100111010001100011000101110110100111011111011011011001110001000011101010111111010111010011011010
100011100010111001100111010111001010001000000000111100011000100011111010000000111001000101111110101001011011000100100110001000011011100000110101111111111011000100110110101010101010100101001101110101101100110
011111101000010101011111101110010101111001001011111110000011010011100000010110011100100100011110010011110101110100101011000110011010100100111100000101001110111001011011101011011001011101010110010001111010000
100101001100011001001110001101110100110000100010110011011001111111000001111100110101000001100011011000111101111101001100000001001111100110011101011000000000101000110100111001110110110111101011001101110001110
001010101001100111001110010100100010000100011100000101100010001000000110111000000010110111011111101110100010011100111010111101011000010011101011000001000010111011000000010111001000000001110010010000000011111
111110100010011011001101110001010100110011000100010100011010111010001001101101100100001111100101100000111011001001100011111000110111010111010100110111010110101001100111111101110101000101110110000001110000110
100101111110100100100011001010010101010101111101011011011100001011111001101111011000100010010000111010010101001101011010000000011001000010110011110010110110101001101100110001110101110101111111011001001001110
100001011010100101001011111010001111010011011000100101011010000111011110001001000010010111101110100011011010110101000010100111101100110011001001101000010001100110101110111001111011010011111100011110001101011
110010011100000100011011101100011010001011001111111010101011011100100000110101010111001101000110001001010000111100000010100111011101001111100101101001011110010000100011010000110111000111110110111010111101111
000100111111100001101110110000100011010001110110100001010111111111010110001001011011010000111110011001011111000001101011001110111010111110010111011110111000010111111000101111000011000100001000111001010001111
111011010010110100110011011000111011010011000100111111000101010100001001101111000110010110011001011011110001000001001010011001100100011001000000110010001101110100110010010010011011001011100101010001001000001
001111010101101000000000100100101010111101001101011011101110000100111010110110011010100100100111100101111100111110101011001000110000111000001110000100000110100100100000010101100010011000110101111101000001011
011010101110001110010111011110010101011110110000101110011101010000100111110010000101101001100001011001100101100110100000100000100010100100110111101100010010100111100000011100010000000011000011001001010100001
000100101001010111111010100101111100110111000111000111001010101111110101001011111110010010010100011001111111010101010010011101100000111001100000101000011101011011001001100100110110111101000001111010000010001
011010001101000101100100101101001110010100001001111100110001001100101110110000111111100110011001011000011001111000010011110010101001001101110001000001011010100000000101010010110011110000110111011001100011000
100001001010110011110110111110100100111010101100000011100011010100111001111000100111001001110100010100011011001010110011110100001001000100000100011001110110111111011100100111110100010011000111000010000011111
001000001100101001000000010001101011011011001110110101000000111010101000101110101101000000110011001101011101111011011001010011011101101011101110011011110001100111001111101010001100110110110101000001111011111
001110110101111001001110111000111000011001111011001110001100011111100100001100000100100111110000100110110011011111101111000101111100111010100011001111001110001110101001111100000111001010010101110110000110110
111011010011111000010110100111100010011011000110010001010001010001000001100101100101100111010010100101111101011011100011110101011011100110010011111110001011011100110101010011100001001111110000010010111110001
101001010101100001000011000010100000000010011011110011110001011101100101000101000000011011101011101101100110110100100101011110001101111100111011001011000111000110001111111010010100100111111101101011100011010
100110110001010100000110101000111100011001100110010010000010000110010110110101000001010011111110110101110111011110001000111000101110011100011101101011001011001011010100001101010101101000110111011001000000101
101010010001110011110100100111011010011001011010010000010101000100101011110010111111100110010101111010001011000110000011010100011100000101011100110111001011011101101101100011100111111010111000110010001000111
110100001111001011100100000100011001011000100010100110100010010110001101110011011000000001100110110100011010111010110100110101110100111011110010001001010000100110111111000011010000101011001001110001100111110
110111010110100010010111100011101110011010100101101010110110000100101010100110110010001010011111101010100110001000000111010101010101011000001111110111010101000010111000100001111110011101011010110010000100000
111100011110011100110110101011000100101000000010001011111010111101011101000001010011100001110010110000000001110111100100110111000010011011100101111100111111011010111010111001110100100011100101110111110011100
111001010100111010000111000110110010111000011110010000100111110111010110111110111010000010101000101010010001010011011010010110000100011011110110011101100101001010011110001111110000111111011010000111100011101
001001110001100000010100101101001101001001101001000010010100000011101001101001101111110010010111011110010010110101001000001011110101110110101111111011010111011001010001010101111010010011110000001001010001110
000101100010100100100001100001001011001011001011001110000000001110111010100001110101101111011100111001011001010000111010111001111001100010010010100001010110001111000111110111001001100111100011001010101101001
100010000110111011010001011111001000100101110000001000101011101000010000110000000100101100000101110011010010010001101011011100001000101010011100010111010000000110101100111101100111011011010101101010001011101
010111011000011101010010110010110101111011010100001011100111100101110011110110110101010001011011100101011000011101000010110111011101010110101110010101110100011101000000010001010000010010011111110100101100001
111110111001110101101110010011100001110010110100110000001110001011100100001011000110110001000101011111111011111100110110101111001110001000111000111101111000000111101001010110101110011110110000110110011110101
110111001000101110100111000011100010100000110000010001001011101001001001111111101001100111001100000110100011111010000011110010011010100101010001000001011010001100110100110110110110011110100111110001010011000
011011110000010111011111100000011110011110111110011001111111110000011000011110011111000111100101110010011000000001100001110000101100111010110110011011000000010001010001010000101010110111110011100100001001010
111100011110110000110110110000011110111000111101110101111101100101110000110000011001011101001011001001110100101001100010110101001100011001011110010010111101101000001010111111110101110100011001001100100111000
010111000001101000000010001101001000000000101101101111011110110010010011011101110001100101110110011011110010001001100110101110111100011000000101011000010111101011010010010100011110101110011110000101101011010
000010101010100110100110010101000001010111001000010000001001001001101110011011010111101001001101101011000100001111001111110000010110000110100010110001010001000110100111101100101000101001111101111100110000100
001011010101101010110101101111001101000001111010001011100111011000110110011110000101101111010011000001100000100110100011101000101101011101111101111001111011101011101011000110000000101001111011101010110101011
010000100010011100011000000101000000010101100011010110110000100010010100010101000001010110110011011001011001101101001010011110010100101011101001000111110101111101011110101011011000110000101010111111101000101
101101101011101110101001100000111101001100110010000000111111010100000110100001011011100000101111111000011011110001110010000111000100111011010010011010010001100110101011110011010011010110000011100011100101111
110110101010011000011101100011100011010111110111110000110101010011010011101110000000100110101101000101010111010000010000010000111101101100001001100111110111000100010100100110001110011001101111100010011100100
011010001111011001000111001010001101001110001100000111011011011111010101001101100011101100000111000010010110101100000110010000100111111100010101111000001101111100011110111000111011000110000110010111100100111
011111100000001000011110100110111001101100100000011000000011000001111001011011000001001100011111001101011110000100000111100011011101000110010000100110010011110000010001000011001111100101001001000011111100000
010100110010111111110000000000100110100111001110010110110101111101011000101010101111100010101001100101111001111000110011001011101011111011100010001001111110001000111001111100101111000111000100110100011111000
111011111011001110100100001001011110001110010100010001011111110001000001000101100101010101010010000000101111001101000001100110110110000110000110011111001010001010010100100111000111011110000101011001010001101
END
