60
101101010010011010110100100100010101110110001100111111101111
101011100100100010001100010110100001110010000011011111011010
000001010011010011110011011110100100001101000000111000101011
001011000010111101111111111110000101011010100010111001110001
001010001100010011010110010010001100100001000000001010101101
101001110100000110110011001010110010100100100111100100110010
001100111111101001111010001000010100011110001101000001001100
111101100011110010110110110001010100011100010011100110001010
111110011101110111001101101000000011010101100111100010100100
110110011100010011101100100111000001000010010011111101101010
111101001001000000101011001101010100001101010110110011110110
010000101011100110001000010001000010100001111010010110110110
001000010010011110011001110110110000000011010001000010100111
100110011000101001110011001010110001001101101000011010100001
000001001100010100101001011011011011110100101101111001100011
010110111100110000010110110111110110101111100100001000011001
010011001110000001001101000101000111010011010100000100100110
001110011010000010010000010010010101110110110111110010010111
100111010001011010100101011000110100001001010111110100101001
010110110001100111100101111110011100110010100101011101010101
111101111110101111000010111000101011000100110010110111110110
100011110100111000010011100111100001110110101101101100110100
100101010011000110111001011011001111011010010000011111111000
100111010101100000000101011111101111000010110110011001100001
111111011000111110011111000010101010110000111000101010011010
000110001011000101011101000100100111110111011111011101001111
101100110101011100001111000111000110001010111001011100110101
011001001001000101010100111000111111000100000111010000010010
011101001011101110011011110110111101011110000101100011101110
100010111001101111100101111010000010101010100110000001110011
010101111010010100100110001110010000111100101011000001101010
100100100010000000100110001000010001111110100101111010010111
000001110000010110001100010001101010101110111100101101100101
101000011000001110010100010111001101010110110000001111100011
111000101110101011010101001000011110100010000101101111011001
000011011010001111000111101001001000001111011100011000010100
001101100101000111110000100110010100011001101010111111101100
101111011101010111100010010100000111111001100110100110111001
001101010111001101111100101000000110001110001111000010010010
011010110000100001101100111011010111001011000000110001110011
100011110001001011000010101101001000010000100001100101101011
101001101101111111101111001111001011100010100011100011010101
011110100111101111101111010001110101111000101110000111000101
000010100000100010010000010000100101010010000101100111110110
010000001000011101010101000011010001001100101011000010110110
011111011101110001101100011000001010111111001011001101000100
010110001110101000100000100111110111111101111011000100110001
111110001111011110101111101101011100100000001100110001010100
000100111001001111100010111101000000011111011000101000011011
111111111110010010010110110011110101000111011010001110110111
010001101000101001101010111101010110010110100010101000111000
111100101010001100100000110000011111001100010101111101111111
000111110010111101011101110011111101110101110100011101011010
001101011101010100111100011111111011010100010000011000011100
000001100011010010101000001111001000110110001001011001001100
000000010001011010101001100010010110111101100000010010100101
110100111011000000010011000000111011001110110110101100111111
110111010101110101001110001110011000001000111110010001000111
110100101101110001000001001011110000010100011101000110011110
001101111001011001101110011110111101000101100000100010111000
100010110010101101111111100111101100011010100010101101011000
100010010001010111100110011100010001101101010001011001000100
100100110001110110011110010110100101110011100111111000010101
111011100101011000011100101111010011100010100100100110110000
111110100101101110000010001001010111100110100001000101100000
110001101110000010010000110111010010100000000001101101001010
111110001001001111000110110000011011011110000111111111100000
000101010001011000010101001101101110001001000101000001101011
111000010110110111011111000101010111100011001100001110110100
001110010010110000001100110100101010111110110010001111010000
000100011111000001011101000000010101100001100100101000100111
010000111001111111001101100011110101110010110001101101011011
100010110111010011111001101110001000111111010111000100111000
000111000111010001001001111011010011111000111010110100011110
110111010110101001000110111110101111010001111010100011000011
011000111111000110100101011111010010001011111010001001100011
101100001100000001001101110111111001000100000000110000011011
100100001001101100011011111010110100000110000110111001010110
111101101110010010101011110000011101010101001010000001100000
001111010001001110110111111111011100101111010001010100011110
011101111010111111000111110001000111000101011110110101010110
010101001001001110101000101011000111011011111001001001010111
001110011111110011101101000010000111010100011100010100010010
010011110000010100101010011110100101000000001011001000011101
111101001001101010011111010100001111101001010101000110011110
110111001000101101001111110001001010010110111101011000111110
100001000000011101010110101111101101000000011100111100000111
000110111111100011000100100111101110101011001010111111001000
010100010100000101001110010100101011011011011111011101100010
000000101010110001010100000101101000000101001001100101101111
011110110000100001011001110001100101110111111010111000011000
110000110001100000011011011111110011000001011001000001101000
111010101101001111011010010110110111101010000111001100101011
010001011100100010110000101000101111011101001000011001111011
010001110000100010010100111010011010111111110011000010001110
010111100010001000110110000111010011101010011111100010010011
011010000101000111011111110111010101100010111000111100011001
000000010010011110001111010100000100100001010101100001101111
101011000000001000010000110010100001011010010000000000111100
111101000000001001101111101011110000110010011111100011001110
001000111110011110001000101010110000011101100011101000000100
111101100101011001011111111010001101110100001011110001101100
100010000000001100111111111001011011111111110010000111100000
001111000010101110010010100001001000100101100111110011011010
110110101001111101000100001000001011101001101111001011011110
110101011110100011111100000001011001100001011011000110001001
100001111111000001100101001101011001110110010110001001001111
110010010001000010100000100001110110011001101111101001010110
001110110010100001111011000011011101110110100010100111011110
010000110111100001001010011100011011001010010011111000101010
111010000101100101011101111110100011011000110001110000101011
101100001001010011110010010011101011101001001000101101000001
010101111011011100110110010011110110101001000110110101100001
111110000100001100111111001001011110110100111001110011010100
100011000010001111001100001001111110010011010011111001010010
101110111010101100010100101101101011000100100010101111100110
000101000110100110100011000011010110011000111100110101101101
000011101001011111101101011001101111101001101000010110011111
000101011111101011011000101011011001110001110011010100110011
110110001100011001100110101101000010110001010010110101001110
000101110101000101110011111100110101010000111101111110011101
010000101000001111100000001101000100100100100000110110111001
101111111101010010001110111011111001000110111100100011010110
011111011011000110101100101111110001011110000111111001111010
101111110000010001110001110011010101010110111111001101010011
010001110100111101001110011001000001110000011101011001010110
010100011011011111010111010111111001000000101010010011111100
101000100101101101100111101001011111100010110001111010101001
END
